#name=JFLOW
#version=0.0.21
#type=Alpha
#scene_type=0
#domain_resolution_x=96
#domain_resolution_y=490
#domain_resolution_z=96
#ambient_temperature=-0.154000
#smoke_dissolve=0.995000
#simulation_accuracy=46
#fire_and_smoke_render=1
#fire_emmision_rate=50.000000
#render_samples=100
#preserve_object_list=1
#output_cache=output/cache/
#end_frame=500
#start_frame=200
#diverge_rate=0.490000
#buoyancy=1.000000
#pressure=-1.020000
#simulation_speed=1.000000
#simulation_upsampling=1
#wn_offset=0.012000
#wn_scale=0.700000
#simulation_influence=1
#object={explosion;48.000000;5.000000;72.000000;3.000000;0.300000;0.000000;1.000000;0.000000;0.000000;0;6.000000;0;20}
#object={explosion;43.922585;5.000000;57.878994;3.000000;0.300000;0.000000;1.000000;0.000000;0.000000;0;6.350855;1;21}
#object={explosion;51.958866;5.000000;50.495895;3.000000;0.300000;0.000000;1.000000;0.000000;0.000000;0;5.597054;2;22}
#object={explosion;40.197369;5.000000;73.304962;3.000000;0.300000;0.000000;1.000000;0.000000;0.000000;0;4.717248;3;23}
#object={explosion;55.342117;5.000000;53.847473;3.000000;0.300000;0.000000;1.000000;0.000000;0.000000;0;4.853682;4;24}
#object={explosion;37.254448;5.000000;53.935013;3.000000;0.300000;0.000000;1.000000;0.000000;0.000000;0;5.829224;5;25}
#object={explosion;57.759144;5.000000;73.289490;3.000000;0.300000;0.000000;1.000000;0.000000;0.000000;0;6.377337;6;26}
#object={explosion;35.433590;5.000000;50.426559;3.000000;0.300000;0.000000;1.000000;0.000000;0.000000;0;5.786413;7;27}
#object={explosion;58.930893;5.000000;57.976051;3.000000;0.300000;0.000000;1.000000;0.000000;0.000000;0;4.823641;8;28}
#object={explosion;34.945019;5.000000;71.955116;3.000000;0.300000;0.000000;1.000000;0.000000;0.000000;0;4.738979;9;29}
#object={explosion;58.722080;5.000000;47.955753;3.000000;0.300000;0.000000;1.000000;0.000000;0.000000;0;5.642343;10;30}
#object={explosion;35.845146;5.000000;62.217953;3.000000;0.300000;0.000000;1.000000;0.000000;0.000000;0;6.360904;11;31}
#object={explosion;57.156815;5.000000;69.434265;3.000000;0.300000;0.000000;1.000000;0.000000;0.000000;0;5.961761;12;32}
#object={explosion;38.030041;5.000000;46.680267;3.000000;0.300000;0.000000;1.000000;0.000000;0.000000;0;4.963118;13;33}
#object={explosion;54.415810;5.000000;66.239731;3.000000;0.300000;0.000000;1.000000;0.000000;0.000000;0;4.661502;14;34}
#object={explosion;41.247456;5.000000;65.977112;3.000000;0.300000;0.000000;1.000000;0.000000;0.000000;0;5.448498;15;35}
#object={explosion;50.815529;5.000000;46.726677;3.000000;0.300000;0.000000;1.000000;0.000000;0.000000;0;6.302357;16;36}
#object={explosion;45.125927;5.000000;69.642250;3.000000;0.300000;0.000000;1.000000;0.000000;0.000000;0;6.114522;17;37}
#object={explosion;46.771633;5.000000;61.926769;3.000000;0.300000;0.000000;1.000000;0.000000;0.000000;0;5.128857;18;38}
#object={explosion;49.217670;5.000000;48.090393;3.000000;0.300000;0.000000;1.000000;0.000000;0.000000;0;4.625041;19;39}
#object={explosion;42.751007;5.000000;72.087837;3.000000;0.300000;0.000000;1.000000;0.000000;0.000000;0;5.257173;20;40}
#object={explosion;53.050362;5.000000;57.685207;3.000000;0.300000;0.000000;1.000000;0.000000;0.000000;0;6.204562;21;41}
#object={explosion;39.217930;5.000000;50.636063;3.000000;0.300000;0.000000;1.000000;0.000000;0.000000;0;6.237222;22;42}
#object={explosion;56.181282;5.000000;73.333778;3.000000;0.300000;0.000000;1.000000;0.000000;0.000000;0;5.312750;23;43}
#object={explosion;36.580086;5.000000;53.673374;3.000000;0.300000;0.000000;1.000000;0.000000;0.000000;0;4.631380;24;44}
#object={explosion;58.249199;5.000000;54.111053;3.000000;0.300000;0.000000;1.000000;0.000000;0.000000;0;5.077726;25;45}
#object={explosion;35.142269;5.000000;73.256416;3.000000;0.300000;0.000000;1.000000;0.000000;0.000000;0;6.072303;26;46}
#object={explosion;59.015217;5.000000;50.289417;3.000000;0.300000;0.000000;1.000000;0.000000;0.000000;0;6.323861;27;47}
#object={explosion;35.070332;5.000000;58.170479;3.000000;0.300000;0.000000;1.000000;0.000000;0.000000;0;5.505805;28;48}
#object={explosion;58.390934;5.000000;71.863434;3.000000;0.300000;0.000000;1.000000;0.000000;0.000000;0;4.680210;29;49}
#object={explosion;36.372616;5.000000;47.869183;3.000000;0.300000;0.000000;1.000000;0.000000;0.000000;0;4.918936;30;50}
#object={explosion;56.448502;5.000000;62.411476;3.000000;0.300000;0.000000;1.000000;0.000000;0.000000;0;5.912049;31;51}
#object={explosion;38.898846;5.000000;69.293076;3.000000;0.300000;0.000000;1.000000;0.000000;0.000000;0;6.370200;32;52}
#object={explosion;53.411995;5.000000;46.652855;3.000000;0.300000;0.000000;1.000000;0.000000;0.000000;0;5.698576;33;53}
#object={explosion;42.357174;5.000000;66.413147;3.000000;0.300000;0.000000;1.000000;0.000000;0.000000;0;4.769141;34;54}
#object={explosion;49.632263;5.000000;65.800430;3.000000;0.300000;0.000000;1.000000;0.000000;0.000000;0;4.788570;35;55}
#object={explosion;46.348595;5.000000;46.761150;3.000000;0.300000;0.000000;1.000000;0.000000;0.000000;0;5.731640;36;56}
#object={explosion;45.545361;5.000000;69.778351;3.000000;0.300000;0.000000;1.000000;0.000000;0.000000;0;6.373972;37;57}
#object={explosion;50.411961;5.000000;61.732128;3.000000;0.300000;0.000000;1.000000;0.000000;0.000000;0;5.881634;38;58}
#object={explosion;41.623486;5.000000;48.183327;3.000000;0.300000;0.000000;1.000000;0.000000;0.000000;0;4.893823;39;59}
#object={explosion;54.078484;5.000000;72.173111;3.000000;0.300000;0.000000;1.000000;0.000000;0.000000;0;4.693005;40;60}
#object={explosion;38.319107;5.000000;57.491924;3.000000;0.300000;0.000000;1.000000;0.000000;0.000000;0;5.539901;41;61}
#object={explosion;56.924644;5.000000;50.778236;3.000000;0.300000;0.000000;1.000000;0.000000;0.000000;0;6.334994;42;62}
#object={explosion;36.014103;5.000000;73.359756;3.000000;0.300000;0.000000;1.000000;0.000000;0.000000;0;6.046024;43;63}
#object={explosion;58.621883;5.000000;53.500626;3.000000;0.300000;0.000000;1.000000;0.000000;0.000000;0;5.048158;44;64}
#object={explosion;34.974205;5.000000;54.288345;3.000000;0.300000;0.000000;1.000000;0.000000;0.000000;0;4.636915;45;65}
#object={explosion;58.974197;5.000000;73.220528;3.000000;0.300000;0.000000;1.000000;0.000000;0.000000;0;5.346210;46;66}
#object={explosion;35.319656;5.000000;50.154354;3.000000;0.300000;0.000000;1.000000;0.000000;0.000000;0;6.255170;47;67}
#object={explosion;57.940971;5.000000;58.365307;3.000000;0.300000;0.000000;1.000000;0.000000;0.000000;0;6.183701;48;68}
#object={explosion;37.010624;5.000000;71.769234;3.000000;0.300000;0.000000;1.000000;0.000000;0.000000;0;5.224591;49;69}
#object={explosion;55.641434;5.000000;47.785198;3.000000;0.300000;0.000000;1.000000;0.000000;0.000000;0;4.623040;50;70}
#object={explosion;39.851597;5.000000;62.604496;3.000000;0.300000;0.000000;1.000000;0.000000;0.000000;0;5.160038;51;71}
#object={explosion;52.341125;5.000000;69.149918;3.000000;0.300000;0.000000;1.000000;0.000000;0.000000;0;6.138403;52;72}
#object={explosion;43.515053;5.000000;46.628296;3.000000;0.300000;0.000000;1.000000;0.000000;0.000000;0;6.287933;53;73}
#object={explosion;48.421402;5.000000;66.585213;3.000000;0.300000;0.000000;1.000000;0.000000;0.000000;0;5.414496;54;74}
#object={explosion;47.577774;5.000000;65.622528;3.000000;0.300000;0.000000;1.000000;0.000000;0.000000;0;4.652063;55;75}
#object={explosion;44.334148;5.000000;46.798454;3.000000;0.300000;0.000000;1.000000;0.000000;0.000000;0;4.990492;56;76}
#object={explosion;51.570713;5.000000;69.912376;3.000000;0.300000;0.000000;1.000000;0.000000;0.000000;0;5.990404;57;77}
#object={explosion;40.551620;5.000000;61.537125;3.000000;0.300000;0.000000;1.000000;0.000000;0.000000;0;6.353620;58;78}
#object={explosion;55.032558;5.000000;48.278778;3.000000;0.300000;0.000000;1.000000;0.000000;0.000000;0;5.608581;59;79}
#object={explosion;37.510498;5.000000;72.255791;3.000000;0.300000;0.000000;1.000000;0.000000;0.000000;0;4.722561;60;80}
#object={explosion;57.564209;5.000000;57.299171;3.000000;0.300000;0.000000;1.000000;0.000000;0.000000;0;4.845869;61;81}
#object={explosion;35.562077;5.000000;50.922367;3.000000;0.300000;0.000000;1.000000;0.000000;0.000000;0;5.818417;62;82}
#object={explosion;58.873096;5.000000;73.382896;3.000000;0.300000;0.000000;1.000000;0.000000;0.000000;0;6.377551;63;83}
#object={explosion;34.930981;5.000000;53.329262;3.000000;0.300000;0.000000;1.000000;0.000000;0.000000;0;5.797355;64;84}
#object={explosion;58.808048;5.000000;54.466858;3.000000;0.300000;0.000000;1.000000;0.000000;0.000000;0;4.831089;65;85}
#object={explosion;35.690277;5.000000;73.181824;3.000000;0.300000;0.000000;1.000000;0.000000;0.000000;0;4.733245;66;86}
#object={explosion;57.376736;5.000000;50.021381;3.000000;0.300000;0.000000;1.000000;0.000000;0.000000;0;5.630855;67;87}
#object={explosion;37.752247;5.000000;58.560482;3.000000;0.300000;0.000000;1.000000;0.000000;0.000000;0;6.358557;68;88}
#object={explosion;54.744164;5.000000;71.672531;3.000000;0.300000;0.000000;1.000000;0.000000;0.000000;0;5.971584;69;89}
#object={explosion;40.878574;5.000000;47.703815;3.000000;0.300000;0.000000;1.000000;0.000000;0.000000;0;4.972339;70;90}
#object={explosion;51.214420;5.000000;62.796959;3.000000;0.300000;0.000000;1.000000;0.000000;0.000000;0;4.658129;71;91}
#object={explosion;44.708847;5.000000;69.004807;3.000000;0.300000;0.000000;1.000000;0.000000;0.000000;0;5.436893;72;92}
#object={explosion;47.194996;5.000000;46.606575;3.000000;0.300000;0.000000;1.000000;0.000000;0.000000;0;6.297565;73;93}
#object={explosion;48.800560;5.000000;66.755859;3.000000;0.300000;0.000000;1.000000;0.000000;0.000000;0;6.122746;74;94}
#object={explosion;43.150322;5.000000;65.443413;3.000000;0.300000;0.000000;1.000000;0.000000;0.000000;0;5.139400;75;95}
#object={explosion;52.681316;5.000000;46.838554;3.000000;0.300000;0.000000;1.000000;0.000000;0.000000;0;4.624194;76;96}
#object={explosion;39.546692;5.000000;70.044281;3.000000;0.300000;0.000000;1.000000;0.000000;0.000000;0;5.246018;77;97}
#object={explosion;55.902775;5.000000;61.341785;3.000000;0.300000;0.000000;1.000000;0.000000;0.000000;0;6.197560;78;98}
#object={explosion;36.800499;5.000000;48.376724;3.000000;0.300000;0.000000;1.000000;0.000000;0.000000;0;6.243445;79;99}
#object={explosion;58.093552;5.000000;72.335861;3.000000;0.300000;0.000000;1.000000;0.000000;0.000000;0;5.324101;80;100}
#object={explosion;35.228840;5.000000;57.106991;3.000000;0.300000;0.000000;1.000000;0.000000;0.000000;0;4.633101;81;101}
#object={explosion;59.000397;5.000000;51.068428;3.000000;0.300000;0.000000;1.000000;0.000000;0.000000;0;5.067567;82;102}
#object={explosion;35.013180;5.000000;73.403175;3.000000;0.300000;0.000000;1.000000;0.000000;0.000000;0;6.063433;83;103}
#object={explosion;58.518604;5.000000;53.159309;3.000000;0.300000;0.000000;1.000000;0.000000;0.000000;0;6.327778;84;104}
#object={explosion;36.178150;5.000000;54.646542;3.000000;0.300000;0.000000;1.000000;0.000000;0.000000;0;5.517406;85;105}
#object={explosion;56.703915;5.000000;73.140305;3.000000;0.300000;0.000000;1.000000;0.000000;0.000000;0;4.684413;86;106}
#object={explosion;38.589645;5.000000;49.890522;3.000000;0.300000;0.000000;1.000000;0.000000;0.000000;0;4.910270;87;107}
#object={explosion;53.765724;5.000000;58.755947;3.000000;0.300000;0.000000;1.000000;0.000000;0.000000;0;5.901745;88;108}
#object={explosion;41.969093;5.000000;71.573334;3.000000;0.300000;0.000000;1.000000;0.000000;0.000000;0;6.371620;89;109}
#object={explosion;50.043278;5.000000;47.625042;3.000000;0.300000;0.000000;1.000000;0.000000;0.000000;0;5.709862;90;110}
#object={explosion;45.926308;5.000000;62.988823;3.000000;0.300000;0.000000;1.000000;0.000000;0.000000;0;4.775622;91;111}
#object={explosion;45.967091;5.000000;68.857780;3.000000;0.300000;0.000000;1.000000;0.000000;0.000000;0;4.781821;92;112}
#object={explosion;50.004402;5.000000;46.587704;3.000000;0.300000;0.000000;1.000000;0.000000;0.000000;0;5.720407;93;113}
#object={explosion;42.006386;5.000000;66.925072;3.000000;0.300000;0.000000;1.000000;0.000000;0.000000;0;6.372827;94;114}
#object={explosion;53.732555;5.000000;65.263138;3.000000;0.300000;0.000000;1.000000;0.000000;0.000000;0;5.892052;95;115}
#object={explosion;38.619183;5.000000;46.881451;3.000000;0.300000;0.000000;1.000000;0.000000;0.000000;0;4.902267;96;116}
#object={explosion;56.680321;5.000000;70.174042;3.000000;0.300000;0.000000;1.000000;0.000000;0.000000;0;4.688505;97;117}
#object={explosion;36.196564;5.000000;61.146152;3.000000;0.300000;0.000000;1.000000;0.000000;0.000000;0;5.528289;98;118}
#object={explosion;58.507355;5.000000;48.477131;3.000000;0.300000;0.000000;1.000000;0.000000;0.000000;0;6.331339;99;119}
#object={explosion;35.018238;5.000000;72.413300;3.000000;0.300000;0.000000;1.000000;0.000000;0.000000;0;6.055065;100;120}
#object={explosion;59.002682;5.000000;56.915424;3.000000;0.300000;0.000000;1.000000;0.000000;0.000000;0;5.058150;101;121}
#object={explosion;35.220135;5.000000;51.216389;3.000000;0.300000;0.000000;1.000000;0.000000;0.000000;0;4.634882;102;122}
#object={explosion;58.109283;5.000000;73.420609;3.000000;0.300000;0.000000;1.000000;0.000000;0.000000;0;5.334785;103;123}
#object={explosion;36.779057;5.000000;52.990818;3.000000;0.300000;0.000000;1.000000;0.000000;0.000000;0;6.249184;104;124}
#object={explosion;55.930161;5.000000;54.827370;3.000000;0.300000;0.000000;1.000000;0.000000;0.000000;0;6.190926;105;125}
#object={explosion;39.515015;5.000000;73.096001;3.000000;0.300000;0.000000;1.000000;0.000000;0.000000;0;5.235645;106;126}
#object={explosion;52.716911;5.000000;49.761829;3.000000;0.300000;0.000000;1.000000;0.000000;0.000000;0;4.623577;107;127}
#object={explosion;43.111450;5.000000;58.951698;3.000000;0.300000;0.000000;1.000000;0.000000;0.000000;0;5.149363;108;128}
#object={explosion;48.840576;5.000000;71.471687;3.000000;0.300000;0.000000;1.000000;0.000000;0.000000;0;6.130381;109;129}
#object={explosion;47.154366;5.000000;47.548920;3.000000;0.300000;0.000000;1.000000;0.000000;0.000000;0;6.292988;110;130}
#object={explosion;44.748631;5.000000;63.180065;3.000000;0.300000;0.000000;1.000000;0.000000;0.000000;0;5.426074;111;131}
#object={explosion;51.176361;5.000000;68.708878;3.000000;0.300000;0.000000;1.000000;0.000000;0.000000;0;4.655141;112;132}
#object={explosion;40.913528;5.000000;46.571701;3.000000;0.300000;0.000000;1.000000;0.000000;0.000000;0;4.981082;113;133}
#object={explosion;54.713058;5.000000;67.092827;3.000000;0.300000;0.000000;1.000000;0.000000;0.000000;0;5.980732;114;134}
#object={explosion;37.778061;5.000000;65.081757;3.000000;0.300000;0.000000;1.000000;0.000000;0.000000;0;6.356244;115;135}
#object={explosion;57.356117;5.000000;46.927158;3.000000;0.300000;0.000000;1.000000;0.000000;0.000000;0;5.620096;116;136}
#object={explosion;35.704567;5.000000;70.301575;3.000000;0.300000;0.000000;1.000000;0.000000;0.000000;0;4.728019;117;137}
#object={explosion;58.800491;5.000000;60.950214;3.000000;0.300000;0.000000;1.000000;0.000000;0.000000;0;4.838186;118;138}
#object={explosion;34.931728;5.000000;48.580242;3.000000;0.300000;0.000000;1.000000;0.000000;0.000000;0;5.807568;119;139}
#object={explosion;58.879318;5.000000;72.488342;3.000000;0.300000;0.000000;1.000000;0.000000;0.000000;0;6.377629;120;140}
#object={explosion;35.549202;5.000000;56.725037;3.000000;0.300000;0.000000;1.000000;0.000000;0.000000;0;5.808266;121;141}
#object={explosion;57.583500;5.000000;51.366741;3.000000;0.300000;0.000000;1.000000;0.000000;0.000000;0;4.838676;122;142}
#object={explosion;37.485695;5.000000;73.435555;3.000000;0.300000;0.000000;1.000000;0.000000;0.000000;0;4.727664;123;143}
#object={explosion;55.063145;5.000000;52.824188;3.000000;0.300000;0.000000;1.000000;0.000000;0.000000;0;5.619364;124;144}
#object={explosion;40.517532;5.000000;55.009300;3.000000;0.300000;0.000000;1.000000;0.000000;0.000000;0;6.356077;125;145}
#object={explosion;51.608376;5.000000;73.048904;3.000000;0.300000;0.000000;1.000000;0.000000;0.000000;0;5.981339;126;146}
#object={explosion;44.294781;5.000000;49.635235;3.000000;0.300000;0.000000;1.000000;0.000000;0.000000;0;4.981667;127;147}
#object={explosion;47.618481;5.000000;59.147587;3.000000;0.300000;0.000000;1.000000;0.000000;0.000000;0;4.654923;128;148}
#object={explosion;48.381317;5.000000;71.367828;3.000000;0.300000;0.000000;1.000000;0.000000;0.000000;0;5.425314;129;149}
#object={explosion;43.554123;5.000000;47.475670;3.000000;0.300000;0.000000;1.000000;0.000000;0.000000;0;6.292652;130;150}
#object={explosion;52.305317;5.000000;63.371128;3.000000;0.300000;0.000000;1.000000;0.000000;0.000000;0;6.130883;131;151}
#object={explosion;39.884575;5.000000;68.558617;3.000000;0.300000;0.000000;1.000000;0.000000;0.000000;0;5.150030;132;152}
#object={explosion;55.613171;5.000000;46.558907;3.000000;0.300000;0.000000;1.000000;0.000000;0.000000;0;4.623535;133;153}
#object={explosion;37.033424;5.000000;67.259415;3.000000;0.300000;0.000000;1.000000;0.000000;0.000000;0;5.234942;134;154}
#object={explosion;57.924099;5.000000;64.899277;3.000000;0.300000;0.000000;1.000000;0.000000;0.000000;0;6.190470;135;155}
#object={explosion;35.329914;5.000000;46.975628;3.000000;0.300000;0.000000;1.000000;0.000000;0.000000;0;6.249568;136;156}
#object={explosion;58.970657;5.000000;70.426987;3.000000;0.300000;0.000000;1.000000;0.000000;0.000000;0;5.335511;137;157}
#object={explosion;34.970734;5.000000;60.754147;3.000000;0.300000;0.000000;1.000000;0.000000;0.000000;0;4.635007;138;158}
#object={explosion;58.632015;5.000000;48.685547;3.000000;0.300000;0.000000;1.000000;0.000000;0.000000;0;5.057511;139;159}
#object={explosion;35.997108;5.000000;72.560486;3.000000;0.300000;0.000000;1.000000;0.000000;0.000000;0;6.054492;140;160}
#object={explosion;56.947384;5.000000;56.534824;3.000000;0.300000;0.000000;1.000000;0.000000;0.000000;0;6.331583;141;161}
#object={explosion;38.290890;5.000000;51.518410;3.000000;0.300000;0.000000;1.000000;0.000000;0.000000;0;5.529039;142;162}
#object={explosion;54.111145;5.000000;73.447266;3.000000;0.300000;0.000000;1.000000;0.000000;0.000000;0;4.688802;143;163}
#object={explosion;41.587120;5.000000;52.658714;3.000000;0.300000;0.000000;1.000000;0.000000;0.000000;0;4.901750;144;164}
#object={explosion;50.450764;5.000000;55.192287;3.000000;0.300000;0.000000;1.000000;0.000000;0.000000;0;5.891415;145;165}
#object={explosion;45.505219;5.000000;72.999023;3.000000;0.300000;0.000000;1.000000;0.000000;0.000000;0;6.372928;146;166}
#object={explosion;46.388870;5.000000;49.510921;3.000000;0.300000;0.000000;1.000000;0.000000;0.000000;0;5.721148;147;167}
#object={explosion;49.592808;5.000000;59.343735;3.000000;0.300000;0.000000;1.000000;0.000000;0.000000;0;4.782271;148;168}
#object={explosion;42.395138;5.000000;71.261314;3.000000;0.300000;0.000000;1.000000;0.000000;0.000000;0;4.775230;149;169}
#object={explosion;53.377983;5.000000;47.404858;3.000000;0.300000;0.000000;1.000000;0.000000;0.000000;0;5.709166;150;170}
#object={explosion;38.929298;5.000000;63.560963;3.000000;0.300000;0.000000;1.000000;0.000000;0.000000;0;6.371562;151;171}
#object={explosion;56.423714;5.000000;68.406029;3.000000;0.300000;0.000000;1.000000;0.000000;0.000000;0;5.902437;152;172}
#object={explosion;36.392235;5.000000;46.548607;3.000000;0.300000;0.000000;1.000000;0.000000;0.000000;0;4.910853;153;173}
#object={explosion;58.378338;5.000000;67.424095;3.000000;0.300000;0.000000;1.000000;0.000000;0.000000;0;4.684183;154;174}
#object={explosion;35.077053;5.000000;64.715759;3.000000;0.300000;0.000000;1.000000;0.000000;0.000000;0;5.516710;155;175}
#object={explosion;59.016304;5.000000;47.026878;3.000000;0.300000;0.000000;1.000000;0.000000;0.000000;0;6.327575;156;176}
#object={explosion;35.135147;5.000000;70.550179;3.000000;0.300000;0.000000;1.000000;0.000000;0.000000;0;6.064042;157;177}
#object={explosion;58.263840;5.000000;60.557919;3.000000;0.300000;0.000000;1.000000;0.000000;0.000000;0;5.068253;158;178}
#object={explosion;36.560097;5.000000;48.793262;3.000000;0.300000;0.000000;1.000000;0.000000;0.000000;0;4.633028;159;179}
#object={explosion;56.207825;5.000000;72.629967;3.000000;0.300000;0.000000;1.000000;0.000000;0.000000;0;5.323413;160;180}
#object={explosion;39.187386;5.000000;56.345360;3.000000;0.300000;0.000000;1.000000;0.000000;0.000000;0;6.243091;161;181}
#object={explosion;53.085648;5.000000;51.671894;3.000000;0.300000;0.000000;1.000000;0.000000;0.000000;0;6.198055;162;182}
#object={explosion;42.713669;5.000000;73.456116;3.000000;0.300000;0.000000;1.000000;0.000000;0.000000;0;5.246770;163;183}
#object={explosion;49.257786;5.000000;52.494801;3.000000;0.300000;0.000000;1.000000;0.000000;0.000000;0;4.624292;164;184}
#object={explosion;46.731804;5.000000;55.376297;3.000000;0.300000;0.000000;1.000000;0.000000;0.000000;0;5.138777;165;185}
#object={explosion;45.166203;5.000000;72.946381;3.000000;0.300000;0.000000;1.000000;0.000000;0.000000;0;6.122275;166;186}
#object={explosion;50.777866;5.000000;49.388844;3.000000;0.300000;0.000000;1.000000;0.000000;0.000000;0;6.297924;167;187}
#object={explosion;41.283306;5.000000;59.540020;3.000000;0.300000;0.000000;1.000000;0.000000;0.000000;0;5.437681;168;188}
#object={explosion;54.383469;5.000000;71.152405;3.000000;0.300000;0.000000;1.000000;0.000000;0.000000;0;4.658388;169;189}
#object={explosion;38.057259;5.000000;47.336727;3.000000;0.300000;0.000000;1.000000;0.000000;0.000000;0;4.971792;170;190}
#object={explosion;57.134819;5.000000;63.750046;3.000000;0.300000;0.000000;1.000000;0.000000;0.000000;0;5.971004;171;191}
#object={explosion;35.860611;5.000000;68.251656;3.000000;0.300000;0.000000;1.000000;0.000000;0.000000;0;6.358760;172;192}
#object={explosion;58.712894;5.000000;46.541176;3.000000;0.300000;0.000000;1.000000;0.000000;0.000000;0;5.631631;173;193}
#object={explosion;34.946987;5.000000;67.587204;3.000000;0.300000;0.000000;1.000000;0.000000;0.000000;0;4.733654;174;194}
#object={explosion;58.935501;5.000000;64.531242;3.000000;0.300000;0.000000;1.000000;0.000000;0.000000;0;4.830660;175;195}
#object={explosion;35.421875;5.000000;47.080891;3.000000;0.300000;0.000000;1.000000;0.000000;0.000000;0;5.796709;176;196}
#object={explosion;57.776936;5.000000;70.671127;3.000000;0.300000;0.000000;1.000000;0.000000;0.000000;0;6.377591;177;197}
#object={explosion;37.230442;5.000000;60.361572;3.000000;0.300000;0.000000;1.000000;0.000000;0.000000;0;5.819155;178;198}
#object={explosion;55.370956;5.000000;48.903362;3.000000;0.300000;0.000000;1.000000;0.000000;0.000000;0;4.846412;179;199}
#object={explosion;40.163872;5.000000;72.696747;3.000000;0.300000;0.000000;1.000000;0.000000;0.000000;0;4.722260;180;200}
#object={explosion;51.995365;5.000000;56.156662;3.000000;0.300000;0.000000;1.000000;0.000000;0.000000;0;5.607885;181;201}
#object={explosion;43.883476;5.000000;51.827141;3.000000;0.300000;0.000000;1.000000;0.000000;0.000000;0;6.353491;182;202}
#object={explosion;48.039898;5.000000;73.462097;3.000000;0.300000;0.000000;1.000000;0.000000;0.000000;0;5.991053;183;203}
#object={explosion;47.958332;5.000000;52.332481;3.000000;0.300000;0.000000;1.000000;0.000000;0.000000;0;4.991130;184;204}
#object={explosion;43.961231;5.000000;55.561287;3.000000;0.300000;0.000000;1.000000;0.000000;0.000000;0;4.651909;185;205}
#object={explosion;51.920784;5.000000;72.890976;3.000000;0.300000;0.000000;1.000000;0.000000;0.000000;0;5.413796;186;206}
#object={explosion;40.230217;5.000000;49.269020;3.000000;0.300000;0.000000;1.000000;0.000000;0.000000;0;6.287643;187;207}
#object={explosion;55.311886;5.000000;59.736404;3.000000;0.300000;0.000000;1.000000;0.000000;0.000000;0;6.138946;188;208}
#object={explosion;37.277630;5.000000;71.041115;3.000000;0.300000;0.000000;1.000000;0.000000;0.000000;0;5.160755;189;209}
#object={explosion;57.740105;5.000000;47.271286;3.000000;0.300000;0.000000;1.000000;0.000000;0.000000;0;4.623044;190;210}
#object={explosion;35.444374;5.000000;63.938320;3.000000;0.300000;0.000000;1.000000;0.000000;0.000000;0;5.223916;191;211}
#object={explosion;58.925087;5.000000;68.095520;3.000000;0.300000;0.000000;1.000000;0.000000;0.000000;0;6.183261;192;212}
#object={explosion;34.942120;5.000000;46.536602;3.000000;0.300000;0.000000;1.000000;0.000000;0.000000;0;6.255563;193;213}
#object={explosion;58.730015;5.000000;67.748680;3.000000;0.300000;0.000000;1.000000;0.000000;0.000000;0;5.346952;194;214}
#object={explosion;35.828854;5.000000;64.345749;3.000000;0.300000;0.000000;1.000000;0.000000;0.000000;0;4.637067;195;215}
#object={explosion;57.177410;5.000000;47.137646;3.000000;0.300000;0.000000;1.000000;0.000000;0.000000;0;5.047542;196;216}
#object={explosion;38.002193;5.000000;70.789803;3.000000;0.300000;0.000000;1.000000;0.000000;0.000000;0;6.045463;197;217}
#object={explosion;54.446533;5.000000;60.165146;3.000000;0.300000;0.000000;1.000000;0.000000;0.000000;0;6.335242;198;218}
#object={explosion;41.211208;5.000000;49.015823;3.000000;0.300000;0.000000;1.000000;0.000000;0.000000;0;5.540663;199;219}
#object={explosion;50.852688;5.000000;72.760834;3.000000;0.300000;0.000000;1.000000;0.000000;0.000000;0;4.693317;200;220}
#object={explosion;45.083965;5.000000;55.968792;3.000000;0.300000;0.000000;1.000000;0.000000;0.000000;0;4.893303;201;221}
#object={explosion;46.810856;5.000000;51.984138;3.000000;0.300000;0.000000;1.000000;0.000000;0.000000;0;5.880984;202;222}
#object={explosion;49.176010;5.000000;73.465225;3.000000;0.300000;0.000000;1.000000;0.000000;0.000000;0;6.374052;203;223}
#object={explosion;42.787582;5.000000;52.171806;3.000000;0.300000;0.000000;1.000000;0.000000;0.000000;0;5.732363;204;224}
#object={explosion;53.013535;5.000000;55.747234;3.000000;0.300000;0.000000;1.000000;0.000000;0.000000;0;4.789014;205;225}
#object={explosion;39.247391;5.000000;72.832840;3.000000;0.300000;0.000000;1.000000;0.000000;0.000000;0;4.768743;206;226}
#object={explosion;56.153461;5.000000;49.151497;3.000000;0.300000;0.000000;1.000000;0.000000;0.000000;0;5.697867;207;227}
#object={explosion;36.599022;5.000000;59.932858;3.000000;0.300000;0.000000;1.000000;0.000000;0.000000;0;6.370117;208;228}
#object={explosion;58.233261;5.000000;70.927498;3.000000;0.300000;0.000000;1.000000;0.000000;0.000000;0;5.912719;209;229}
#object={explosion;35.148258;5.000000;47.208576;3.000000;0.300000;0.000000;1.000000;0.000000;0.000000;0;4.919507;210;230}
#object={explosion;59.012806;5.000000;64.125778;3.000000;0.300000;0.000000;1.000000;0.000000;0.000000;0;4.679955;211;231}
#object={explosion;35.062603;5.000000;67.937675;3.000000;0.300000;0.000000;1.000000;0.000000;0.000000;0;5.505079;212;232}
#object={explosion;58.402084;5.000000;46.534908;3.000000;0.300000;0.000000;1.000000;0.000000;0.000000;0;6.323617;213;233}
#object={explosion;36.351944;5.000000;67.908531;3.000000;0.300000;0.000000;1.000000;0.000000;0.000000;0;6.072870;214;234}
#object={explosion;56.471611;5.000000;64.159348;3.000000;0.300000;0.000000;1.000000;0.000000;0.000000;0;5.078382;215;235}
#object={explosion;38.866417;5.000000;47.197155;3.000000;0.300000;0.000000;1.000000;0.000000;0.000000;0;4.631282;216;236}
#object={explosion;53.444447;5.000000;70.906189;3.000000;0.300000;0.000000;1.000000;0.000000;0.000000;0;5.312036;217;237}
#object={explosion;42.317451;5.000000;59.968697;3.000000;0.300000;0.000000;1.000000;0.000000;0.000000;0;6.236828;218;238}
#object={explosion;49.669880;5.000000;49.130630;3.000000;0.300000;0.000000;1.000000;0.000000;0.000000;0;6.205014;219;239}
#object={explosion;46.305794;5.000000;72.822205;3.000000;0.300000;0.000000;1.000000;0.000000;0.000000;0;5.257897;220;240}
#object={explosion;45.583721;5.000000;55.781780;3.000000;0.300000;0.000000;1.000000;0.000000;0.000000;0;4.625107;221;241}
#object={explosion;50.370956;5.000000;52.142838;3.000000;0.300000;0.000000;1.000000;0.000000;0.000000;0;5.128187;222;242}
#object={explosion;41.657753;5.000000;73.465485;3.000000;0.300000;0.000000;1.000000;0.000000;0.000000;0;6.113996;223;243}
#object={explosion;54.043583;5.000000;52.012798;3.000000;0.300000;0.000000;1.000000;0.000000;0.000000;0;6.302670;224;244}
#object={explosion;38.345261;5.000000;55.934090;3.000000;0.300000;0.000000;1.000000;0.000000;0.000000;0;5.449256;225;245}
#object={explosion;56.899632;5.000000;72.771973;3.000000;0.300000;0.000000;1.000000;0.000000;0.000000;0;4.661731;226;246}
#object={explosion;36.028702;5.000000;49.036278;3.000000;0.300000;0.000000;1.000000;0.000000;0.000000;0;4.962557;227;247}
#object={explosion;58.609348;5.000000;60.129322;3.000000;0.300000;0.000000;1.000000;0.000000;0.000000;0;5.961156;228;248}
#object={explosion;34.975540;5.000000;70.811546;3.000000;0.300000;0.000000;1.000000;0.000000;0.000000;0;6.361061;229;249}
#object={explosion;58.975330;5.000000;47.148579;3.000000;0.300000;0.000000;1.000000;0.000000;0.000000;0;5.643079;230;250}
#object={explosion;35.307377;5.000000;64.312347;3.000000;0.300000;0.000000;1.000000;0.000000;0.000000;0;4.739357;231;251}
#object={explosion;57.955326;5.000000;67.778137;3.000000;0.300000;0.000000;1.000000;0.000000;0.000000;0;4.823186;232;252}
#object={explosion;36.985184;5.000000;46.536079;3.000000;0.300000;0.000000;1.000000;0.000000;0.000000;0;5.785731;233;253}
#object={explosion;55.667305;5.000000;68.066368;3.000000;0.300000;0.000000;1.000000;0.000000;0.000000;0;6.377333;234;254}
#object={explosion;39.816406;5.000000;63.971733;3.000000;0.300000;0.000000;1.000000;0.000000;0.000000;0;5.829922;235;255}
#object={explosion;52.375202;5.000000;47.259060;3.000000;0.300000;0.000000;1.000000;0.000000;0.000000;0;4.854196;236;256}
#object={explosion;43.473671;5.000000;71.019928;3.000000;0.300000;0.000000;1.000000;0.000000;0.000000;0;4.716926;237;257}
#object={explosion;48.459118;5.000000;59.771278;3.000000;0.300000;0.000000;1.000000;0.000000;0.000000;0;5.596329;238;258}
#object={explosion;47.534714;5.000000;49.246780;3.000000;0.300000;0.000000;1.000000;0.000000;0.000000;0;6.350687;239;259}
#object={explosion;44.371201;5.000000;72.879883;3.000000;0.300000;0.000000;1.000000;0.000000;0.000000;0;6.000627;240;260}
#object={explosion;51.530651;5.000000;55.594704;3.000000;0.300000;0.000000;1.000000;0.000000;0.000000;0;5.000627;241;261}
#object={explosion;40.583431;5.000000;52.301525;3.000000;0.300000;0.000000;1.000000;0.000000;0.000000;0;4.648975;242;262}
#object={explosion;55.000118;5.000000;73.461182;3.000000;0.300000;0.000000;1.000000;0.000000;0.000000;0;5.402215;243;263}
#object={explosion;37.533142;5.000000;51.853790;3.000000;0.300000;0.000000;1.000000;0.000000;0.000000;0;6.282426;244;264}
#object={explosion;57.542534;5.000000;56.120106;3.000000;0.300000;0.000000;1.000000;0.000000;0.000000;0;6.146841;245;265}
#object={explosion;35.572521;5.000000;72.706154;3.000000;0.300000;0.000000;1.000000;0.000000;0.000000;0;5.171488;246;266}
#object={explosion;58.864357;5.000000;48.921165;3.000000;0.300000;0.000000;1.000000;0.000000;0.000000;0;4.622682;247;267}
#object={explosion;34.928043;5.000000;60.323528;3.000000;0.300000;0.000000;1.000000;0.000000;0.000000;0;5.212936;248;268}
#object={explosion;58.813217;5.000000;70.691063;3.000000;0.300000;0.000000;1.000000;0.000000;0.000000;0;6.175933;249;269}
#object={explosion;35.673668;5.000000;47.088955;3.000000;0.300000;0.000000;1.000000;0.000000;0.000000;0;6.261425;250;270}
#object={explosion;57.394787;5.000000;64.495644;3.000000;0.300000;0.000000;1.000000;0.000000;0.000000;0;5.358419;251;271}
#object={explosion;37.723663;5.000000;67.614586;3.000000;0.300000;0.000000;1.000000;0.000000;0.000000;0;4.639277;252;272}
#object={explosion;54.772831;5.000000;46.537758;3.000000;0.300000;0.000000;1.000000;0.000000;0.000000;0;5.037651;253;273}
#object={explosion;40.841343;5.000000;68.221092;3.000000;0.300000;0.000000;1.000000;0.000000;0.000000;0;6.036337;254;274}
#object={explosion;51.250084;5.000000;63.781879;3.000000;0.300000;0.000000;1.000000;0.000000;0.000000;0;6.338755;255;275}
#object={explosion;44.666737;5.000000;47.322281;3.000000;0.300000;0.000000;1.000000;0.000000;0.000000;0;5.552279;256;276}
#object={explosion;47.233269;5.000000;71.129929;3.000000;0.300000;0.000000;1.000000;0.000000;0.000000;0;4.697981;257;277}
#object={explosion;48.758171;5.000000;59.574451;3.000000;0.300000;0.000000;1.000000;0.000000;0.000000;0;4.884985;258;278}
#object={explosion;43.186169;5.000000;49.365761;3.000000;0.300000;0.000000;1.000000;0.000000;0.000000;0;5.870506;259;279}
#object={explosion;52.643257;5.000000;72.935356;3.000000;0.300000;0.000000;1.000000;0.000000;0.000000;0;6.375055;260;280}
#object={explosion;39.576057;5.000000;55.409100;3.000000;0.300000;0.000000;1.000000;0.000000;0.000000;0;5.743582;261;281}
#object={explosion;55.873428;5.000000;52.464561;3.000000;0.300000;0.000000;1.000000;0.000000;0.000000;0;4.795921;262;282}
#object={explosion;36.819752;5.000000;73.456734;3.000000;0.300000;0.000000;1.000000;0.000000;0.000000;0;4.762408;263;283}
#object={explosion;58.075729;5.000000;51.699238;3.000000;0.300000;0.000000;1.000000;0.000000;0.000000;0;5.686553;264;284}
#object={explosion;35.235939;5.000000;56.309673;3.000000;0.300000;0.000000;1.000000;0.000000;0.000000;0;6.368550;265;285}
#object={explosion;58.996132;5.000000;72.641953;3.000000;0.300000;0.000000;1.000000;0.000000;0.000000;0;5.922945;266;286}
#object={explosion;35.006393;5.000000;48.812733;3.000000;0.300000;0.000000;1.000000;0.000000;0.000000;0;4.928282;267;287}
#object={explosion;58.528156;5.000000;60.521992;3.000000;0.300000;0.000000;1.000000;0.000000;0.000000;0;4.675920;268;288}
#object={explosion;36.158291;5.000000;70.572624;3.000000;0.300000;0.000000;1.000000;0.000000;0.000000;0;5.493497;269;289}
#object={explosion;56.725830;5.000000;47.036812;3.000000;0.300000;0.000000;1.000000;0.000000;0.000000;0;6.319563;270;290}
#object={explosion;38.558640;5.000000;64.682709;3.000000;0.300000;0.000000;1.000000;0.000000;0.000000;0;6.081647;271;291}
#object={explosion;53.797256;5.000000;67.454140;3.000000;0.300000;0.000000;1.000000;0.000000;0.000000;0;5.088633;272;292}
#object={explosion;41.930298;5.000000;46.547028;3.000000;0.300000;0.000000;1.000000;0.000000;0.000000;0;4.629737;273;293}
#object={explosion;50.080559;5.000000;68.377533;3.000000;0.300000;0.000000;1.000000;0.000000;0.000000;0;5.300739;274;294}
#object={explosion;45.883976;5.000000;63.594685;3.000000;0.300000;0.000000;1.000000;0.000000;0.000000;0;6.230485;275;295}
#object={explosion;46.004860;5.000000;47.391670;3.000000;0.300000;0.000000;1.000000;0.000000;0.000000;0;6.211898;276;296}
#object={explosion;49.963188;5.000000;71.241028;3.000000;0.300000;0.000000;1.000000;0.000000;0.000000;0;5.269109;277;297}
#object={explosion;42.040741;5.000000;59.378616;3.000000;0.300000;0.000000;1.000000;0.000000;0.000000;0;4.626129;278;298}
#object={explosion;53.696953;5.000000;49.487904;3.000000;0.300000;0.000000;1.000000;0.000000;0.000000;0;5.117730;279;299}
#object={explosion;38.647030;5.000000;72.988976;3.000000;0.300000;0.000000;1.000000;0.000000;0.000000;0;6.105673;280;300}
#object={explosion;56.654350;5.000000;55.225372;3.000000;0.300000;0.000000;1.000000;0.000000;0.000000;0;6.307324;281;301}
#object={explosion;36.213215;5.000000;52.627193;3.000000;0.300000;0.000000;1.000000;0.000000;0.000000;0;5.460882;282;302}
#object={explosion;58.493820;5.000000;73.447411;3.000000;0.300000;0.000000;1.000000;0.000000;0.000000;0;4.665272;283;303}
#object={explosion;35.021580;5.000000;51.544445;3.000000;0.300000;0.000000;1.000000;0.000000;0.000000;0;4.953424;284;304}
#object={explosion;59.002975;5.000000;56.498016;3.000000;0.300000;0.000000;1.000000;0.000000;0.000000;0;5.951234;285;305}
#object={explosion;35.209705;5.000000;72.570900;3.000000;0.300000;0.000000;1.000000;0.000000;0.000000;0;6.363231;286;306}
#object={explosion;58.123032;5.000000;48.702518;3.000000;0.300000;0.000000;1.000000;0.000000;0.000000;0;5.654522;287;307}
#object={explosion;36.755875;5.000000;60.716179;3.000000;0.300000;0.000000;1.000000;0.000000;0.000000;0;4.745215;288;308}
#object={explosion;55.955589;5.000000;70.447777;3.000000;0.300000;0.000000;1.000000;0.000000;0.000000;0;4.815852;289;309}
#object={explosion;39.481567;5.000000;46.982693;3.000000;0.300000;0.000000;1.000000;0.000000;0.000000;0;5.774725;290;310}
#object={explosion;52.750893;5.000000;64.864044;3.000000;0.300000;0.000000;1.000000;0.000000;0.000000;0;6.376942;291;311}
#object={explosion;43.072079;5.000000;67.287376;3.000000;0.300000;0.000000;1.000000;0.000000;0.000000;0;5.840652;292;312}
#object={explosion;48.878960;5.000000;46.554432;3.000000;0.300000;0.000000;1.000000;0.000000;0.000000;0;4.862114;293;313}
#object={explosion;47.112854;5.000000;68.528687;3.000000;0.300000;0.000000;1.000000;0.000000;0.000000;0;4.711751;294;314}
#object={explosion;44.786831;5.000000;63.403221;3.000000;0.300000;0.000000;1.000000;0.000000;0.000000;0;5.584777;295;315}
#object={explosion;51.137348;5.000000;47.460236;3.000000;0.300000;0.000000;1.000000;0.000000;0.000000;0;6.347755;296;316}
#object={explosion;40.948307;5.000000;71.346222;3.000000;0.300000;0.000000;1.000000;0.000000;0.000000;0;6.010119;297;317}
#object={explosion;54.681023;5.000000;59.181946;3.000000;0.300000;0.000000;1.000000;0.000000;0.000000;0;5.010219;298;318}
#object={explosion;37.803921;5.000000;49.611317;3.000000;0.300000;0.000000;1.000000;0.000000;0.000000;0;4.646211;299;319}
#object={explosion;57.334686;5.000000;73.038857;3.000000;0.300000;0.000000;1.000000;0.000000;0.000000;0;5.390683;300;320}
#object={explosion;35.718132;5.000000;55.041691;3.000000;0.300000;0.000000;1.000000;0.000000;0.000000;0;6.277096;301;321}
#object={explosion;58.791950;5.000000;52.793339;3.000000;0.300000;0.000000;1.000000;0.000000;0.000000;0;6.154632;302;322}
#object={explosion;34.931767;5.000000;73.437172;3.000000;0.300000;0.000000;1.000000;0.000000;0.000000;0;5.182283;303;323}
#object={explosion;58.884560;5.000000;51.393394;3.000000;0.300000;0.000000;1.000000;0.000000;0.000000;0;4.622438;304;324}
#object={explosion;35.535610;5.000000;56.689049;3.000000;0.300000;0.000000;1.000000;0.000000;0.000000;0;5.201936;305;325}
#object={explosion;57.601822;5.000000;72.501297;3.000000;0.300000;0.000000;1.000000;0.000000;0.000000;0;6.168414;306;326}
#object={explosion;37.459946;5.000000;48.598835;3.000000;0.300000;0.000000;1.000000;0.000000;0.000000;0;6.267082;307;327}
#object={explosion;55.091839;5.000000;60.914337;3.000000;0.300000;0.000000;1.000000;0.000000;0.000000;0;5.369840;308;328}
#object={explosion;40.482597;5.000000;70.324829;3.000000;0.300000;0.000000;1.000000;0.000000;0.000000;0;4.641566;309;329}
#object={explosion;51.645710;5.000000;46.936085;3.000000;0.300000;0.000000;1.000000;0.000000;0.000000;0;5.027769;310;330}
#object={explosion;44.255863;5.000000;65.049080;3.000000;0.300000;0.000000;1.000000;0.000000;0.000000;0;6.027046;311;331}
#object={explosion;47.660324;5.000000;67.123795;3.000000;0.300000;0.000000;1.000000;0.000000;0.000000;0;6.342049;312;332}
#object={explosion;48.343094;5.000000;46.569431;3.000000;0.300000;0.000000;1.000000;0.000000;0.000000;0;5.563814;313;333}
#object={explosion;43.595829;5.000000;68.681572;3.000000;0.300000;0.000000;1.000000;0.000000;0.000000;0;4.702713;314;334}
#object={explosion;52.272388;5.000000;63.214584;3.000000;0.300000;0.000000;1.000000;0.000000;0.000000;0;4.876703;315;335}
#object={explosion;39.921509;5.000000;47.535023;3.000000;0.300000;0.000000;1.000000;0.000000;0.000000;0;5.859895;316;336}
#object={explosion;55.590069;5.000000;71.452560;3.000000;0.300000;0.000000;1.000000;0.000000;0.000000;0;6.375823;317;337}
#object={explosion;37.061592;5.000000;58.986488;3.000000;0.300000;0.000000;1.000000;0.000000;0.000000;0;5.754665;318;338}
#object={explosion;57.913082;5.000000;49.737984;3.000000;0.300000;0.000000;1.000000;0.000000;0.000000;0;4.802862;319;339}
#object={explosion;35.346287;5.000000;73.087013;3.000000;0.300000;0.000000;1.000000;0.000000;0.000000;0;4.756128;320;340}
#object={explosion;58.972706;5.000000;54.860111;3.000000;0.300000;0.000000;1.000000;0.000000;0.000000;0;5.675137;321;341}
#object={explosion;34.973122;5.000000;52.959148;3.000000;0.300000;0.000000;1.000000;0.000000;0.000000;0;6.366752;322;342}
#object={explosion;58.648041;5.000000;73.422195;3.000000;0.300000;0.000000;1.000000;0.000000;0.000000;0;5.933058;323;343}
#object={explosion;35.986629;5.000000;51.242302;3.000000;0.300000;0.000000;1.000000;0.000000;0.000000;0;4.937114;324;344}
#object={explosion;56.976578;5.000000;56.878910;3.000000;0.300000;0.000000;1.000000;0.000000;0.000000;0;4.671971;325;345}
#object={explosion;38.269798;5.000000;72.424950;3.000000;0.300000;0.000000;1.000000;0.000000;0.000000;0;5.481858;326;346}
#object={explosion;54.151299;5.000000;48.493496;3.000000;0.300000;0.000000;1.000000;0.000000;0.000000;0;6.315309;327;347}
#object={explosion;41.559013;5.000000;61.108223;3.000000;0.300000;0.000000;1.000000;0.000000;0.000000;0;6.090265;328;348}
#object={explosion;50.498409;5.000000;70.195602;3.000000;0.300000;0.000000;1.000000;0.000000;0.000000;0;5.098899;329;349}
#object={explosion;45.474506;5.000000;46.887520;3.000000;0.300000;0.000000;1.000000;0.000000;0.000000;0;4.628287;330;350}
#object={explosion;46.439663;5.000000;65.228310;3.000000;0.300000;0.000000;1.000000;0.000000;0.000000;0;5.289420;331;351}
#object={explosion;49.564198;5.000000;66.953964;3.000000;0.300000;0.000000;1.000000;0.000000;0.000000;0;6.223957;332;352}
#object={explosion;42.443684;5.000000;46.582558;3.000000;0.300000;0.000000;1.000000;0.000000;0.000000;0;6.218600;333;353}
#object={explosion;53.355900;5.000000;68.829018;3.000000;0.300000;0.000000;1.000000;0.000000;0.000000;0;5.280305;334;354}
#object={explosion;38.971840;5.000000;63.021667;3.000000;0.300000;0.000000;1.000000;0.000000;0.000000;0;4.627248;335;355}
#object={explosion;56.411827;5.000000;47.608868;3.000000;0.300000;0.000000;1.000000;0.000000;0.000000;0;5.107284;336;356}
#object={explosion;36.424984;5.000000;71.552856;3.000000;0.300000;0.000000;1.000000;0.000000;0.000000;0;6.097189;337;357}
#object={explosion;58.377956;5.000000;58.790142;3.000000;0.300000;0.000000;1.000000;0.000000;0.000000;0;6.311782;338;358}
#object={explosion;35.095989;5.000000;49.865726;3.000000;0.300000;0.000000;1.000000;0.000000;0.000000;0;5.472459;339;359}
#object={explosion;59.029301;5.000000;73.131271;3.000000;0.300000;0.000000;1.000000;0.000000;0.000000;0;4.668903;340;360}
#object={explosion;35.140316;5.000000;54.678520;3.000000;0.300000;0.000000;1.000000;0.000000;0.000000;0;4.944359;341;361}
#object={explosion;58.290657;5.000000;53.128269;3.000000;0.300000;0.000000;1.000000;0.000000;0.000000;0;5.941207;342;362}
#object={explosion;36.552845;5.000000;73.406181;3.000000;0.300000;0.000000;1.000000;0.000000;0.000000;0;6.365252;343;363}
#object={explosion;56.247303;5.000000;51.094891;3.000000;0.300000;0.000000;1.000000;0.000000;0.000000;0;5.665961;344;364}
#object={explosion;39.170486;5.000000;57.071255;3.000000;0.300000;0.000000;1.000000;0.000000;0.000000;0;4.751228;345;365}
#object={explosion;53.135166;5.000000;72.350006;3.000000;0.300000;0.000000;1.000000;0.000000;0.000000;0;4.808661;346;366}
#object={explosion;42.691010;5.000000;48.394653;3.000000;0.300000;0.000000;1.000000;0.000000;0.000000;0;5.763695;347;367}
#object={explosion;49.313564;5.000000;61.305916;3.000000;0.300000;0.000000;1.000000;0.000000;0.000000;0;6.376422;348;368}
#object={explosion;46.707939;5.000000;70.068253;3.000000;0.300000;0.000000;1.000000;0.000000;0.000000;0;5.851347;349;369}
#object={explosion;45.223740;5.000000;46.846493;3.000000;0.300000;0.000000;1.000000;0.000000;0.000000;0;4.870167;350;370}
#object={explosion;50.757488;5.000000;65.411163;3.000000;0.300000;0.000000;1.000000;0.000000;0.000000;0;4.706736;351;371}
#object={explosion;41.337898;5.000000;66.787392;3.000000;0.300000;0.000000;1.000000;0.000000;0.000000;0;5.573234;352;372}
#object={explosion;54.369640;5.000000;46.603275;3.000000;0.300000;0.000000;1.000000;0.000000;0.000000;0;6.344698;353;373}
#object={explosion;38.102230;5.000000;68.978218;3.000000;0.300000;0.000000;1.000000;0.000000;0.000000;0;6.019547;354;374}
#object={explosion;57.130188;5.000000;62.831741;3.000000;0.300000;0.000000;1.000000;0.000000;0.000000;0;5.019919;355;375}
#object={explosion;35.893177;5.000000;47.688984;3.000000;0.300000;0.000000;1.000000;0.000000;0.000000;0;4.643620;356;376}
#object={explosion;58.720406;5.000000;71.654335;3.000000;0.300000;0.000000;1.000000;0.000000;0.000000;0;5.379193;357;377}
#object={explosion;34.965790;5.000000;58.595215;3.000000;0.300000;0.000000;1.000000;0.000000;0.000000;0;6.271653;358;378}
#object={explosion;58.956688;5.000000;49.996792;3.000000;0.300000;0.000000;1.000000;0.000000;0.000000;0;6.162332;359;379}
#object={explosion;35.427147;5.000000;73.173897;3.000000;0.300000;0.000000;1.000000;0.000000;0.000000;0;5.193159;360;380}
#object={explosion;57.811752;5.000000;54.499218;3.000000;0.300000;0.000000;1.000000;0.000000;0.000000;0;4.622399;361;381}
#object={explosion;37.223976;5.000000;53.297089;3.000000;0.300000;0.000000;1.000000;0.000000;0.000000;0;5.191063;362;382}
#object={explosion;55.417793;5.000000;73.385544;3.000000;0.300000;0.000000;1.000000;0.000000;0.000000;0;6.160861;363;383}
#object={explosion;40.148823;5.000000;50.947605;3.000000;0.300000;0.000000;1.000000;0.000000;0.000000;0;6.272717;364;384}
#object={explosion;52.051216;5.000000;57.262451;3.000000;0.300000;0.000000;1.000000;0.000000;0.000000;0;5.381396;365;385}
#object={explosion;43.863983;5.000000;72.268402;3.000000;0.300000;0.000000;1.000000;0.000000;0.000000;0;4.644119;366;386}
#object={explosion;48.100716;5.000000;48.294250;3.000000;0.300000;0.000000;1.000000;0.000000;0.000000;0;5.018083;367;387}
#object={explosion;47.937584;5.000000;61.499302;3.000000;0.300000;0.000000;1.000000;0.000000;0.000000;0;6.017776;368;388}
#object={explosion;44.019485;5.000000;69.934723;3.000000;0.300000;0.000000;1.000000;0.000000;0.000000;0;6.345309;369;389}
#object={explosion;51.902039;5.000000;46.803490;3.000000;0.300000;0.000000;1.000000;0.000000;0.000000;0;5.575450;370;390}
#object={explosion;40.281494;5.000000;65.588097;3.000000;0.300000;0.000000;1.000000;0.000000;0.000000;0;4.707698;371;391}
#object={explosion;55.299625;5.000000;66.614601;3.000000;0.300000;0.000000;1.000000;0.000000;0.000000;0;4.868643;372;392}
#object={explosion;37.318325;5.000000;46.622074;3.000000;0.300000;0.000000;1.000000;0.000000;0.000000;0;5.849333;373;393}
#object={explosion;57.738060;5.000000;69.121803;3.000000;0.300000;0.000000;1.000000;0.000000;0.000000;0;6.376551;374;394}
#object={explosion;35.472099;5.000000;62.637508;3.000000;0.300000;0.000000;1.000000;0.000000;0.000000;0;5.765816;375;395}
#object={explosion;58.935799;5.000000;47.768017;3.000000;0.300000;0.000000;1.000000;0.000000;0.000000;0;4.810038;376;396}
#object={explosion;34.955982;5.000000;71.749626;3.000000;0.300000;0.000000;1.000000;0.000000;0.000000;0;4.750091;377;397}
#object={explosion;58.754559;5.000000;58.399338;3.000000;0.300000;0.000000;1.000000;0.000000;0.000000;0;5.663804;378;398}
#object={explosion;35.829563;5.000000;50.128735;3.000000;0.300000;0.000000;1.000000;0.000000;0.000000;0;6.364914;379;399}
#object={explosion;57.215263;5.000000;73.212471;3.000000;0.300000;0.000000;1.000000;0.000000;0.000000;0;5.943181;380;400}
#object={explosion;37.991982;5.000000;54.319843;3.000000;0.300000;0.000000;1.000000;0.000000;0.000000;0;4.946134;381;401}
#object={explosion;54.495636;5.000000;53.469013;3.000000;0.300000;0.000000;1.000000;0.000000;0.000000;0;4.668227;382;402}
#object={explosion;41.193562;5.000000;73.363739;3.000000;0.300000;0.000000;1.000000;0.000000;0.000000;0;5.470263;383;403}
#object={explosion;50.909683;5.000000;50.803932;3.000000;0.300000;0.000000;1.000000;0.000000;0.000000;0;6.310952;384;404}
#object={explosion;45.061821;5.000000;57.455917;3.000000;0.300000;0.000000;1.000000;0.000000;0.000000;0;6.098820;385;405}
#object={explosion;46.868595;5.000000;72.188164;3.000000;0.300000;0.000000;1.000000;0.000000;0.000000;0;5.109275;386;406}
#object={explosion;49.152565;5.000000;48.200317;3.000000;0.300000;0.000000;1.000000;0.000000;0.000000;0;4.627030;387;407}
#object={explosion;42.841385;5.000000;61.696346;3.000000;0.300000;0.000000;1.000000;0.000000;0.000000;0;5.278178;388;408}
#object={explosion;52.993484;5.000000;69.803062;3.000000;0.300000;0.000000;1.000000;0.000000;0.000000;0;6.217341;389;409}
#object={explosion;39.293034;5.000000;46.768059;3.000000;0.300000;0.000000;1.000000;0.000000;0.000000;0;6.225217;390;410}
#object={explosion;56.141113;5.000000;65.768600;3.000000;0.300000;0.000000;1.000000;0.000000;0.000000;0;5.291580;391;411}
#object={explosion;36.633224;5.000000;66.445168;3.000000;0.300000;0.000000;1.000000;0.000000;0.000000;0;4.628559;392;412}
#object={explosion;58.232025;5.000000;46.648483;3.000000;0.300000;0.000000;1.000000;0.000000;0.000000;0;5.096946;393;413}
#object={explosion;35.169056;5.000000;69.267181;3.000000;0.300000;0.000000;1.000000;0.000000;0.000000;0;6.088640;394;414}
#object={explosion;59.024811;5.000000;62.446449;3.000000;0.300000;0.000000;1.000000;0.000000;0.000000;0;6.316138;395;415}
#object={explosion;35.069584;5.000000;47.853390;3.000000;0.300000;0.000000;1.000000;0.000000;0.000000;0;5.484082;396;416}
#object={explosion;58.427937;5.000000;71.846153;3.000000;0.300000;0.000000;1.000000;0.000000;0.000000;0;4.672720;397;417}
#object={explosion;36.346291;5.000000;58.205105;3.000000;0.300000;0.000000;1.000000;0.000000;0.000000;0;4.935433;398;418}
#object={explosion;56.510311;5.000000;50.264084;3.000000;0.300000;0.000000;1.000000;0.000000;0.000000;0;5.931144;399;419}
#object={explosion;38.851768;5.000000;73.249535;3.000000;0.300000;0.000000;1.000000;0.000000;0.000000;0;6.367134;400;420}
#object={explosion;53.493347;5.000000;54.142979;3.000000;0.300000;0.000000;1.000000;0.000000;0.000000;0;5.677363;401;421}
#object={explosion;42.294147;5.000000;53.640705;3.000000;0.300000;0.000000;1.000000;0.000000;0.000000;0;4.757352;402;422}
#object={explosion;49.722786;5.000000;73.337463;3.000000;0.300000;0.000000;1.000000;0.000000;0.000000;0;4.801539;403;423}
#object={explosion;46.277958;5.000000;50.660587;3.000000;0.300000;0.000000;1.000000;0.000000;0.000000;0;5.752566;404;424}
#object={explosion;45.635956;5.000000;57.648296;3.000000;0.300000;0.000000;1.000000;0.000000;0.000000;0;6.375697;405;425}
#object={explosion;50.343235;5.000000;72.101387;3.000000;0.300000;0.000000;1.000000;0.000000;0.000000;0;5.861928;406;426}
#object={explosion;41.704716;5.000000;48.104950;3.000000;0.300000;0.000000;1.000000;0.000000;0.000000;0;4.878280;407;427}
#object={explosion;54.020607;5.000000;61.889084;3.000000;0.300000;0.000000;1.000000;0.000000;0.000000;0;4.701809;408;428}
#object={explosion;38.382961;5.000000;69.665367;3.000000;0.300000;0.000000;1.000000;0.000000;0.000000;0;5.561626;409;429}
#object={explosion;56.885487;5.000000;46.730675;3.000000;0.300000;0.000000;1.000000;0.000000;0.000000;0;6.341442;410;430}
#object={explosion;36.054222;5.000000;65.943115;3.000000;0.300000;0.000000;1.000000;0.000000;0.000000;0;6.028831;411;431}
#object={explosion;58.607105;5.000000;66.269600;3.000000;0.300000;0.000000;1.000000;0.000000;0.000000;0;5.029653;412;432}
#object={explosion;34.987370;5.000000;46.672974;3.000000;0.300000;0.000000;1.000000;0.000000;0.000000;0;4.641127;413;433}
#object={explosion;58.986679;5.000000;69.406815;3.000000;0.300000;0.000000;1.000000;0.000000;0.000000;0;5.367672;414;434}
#object={explosion;35.305580;5.000000;62.251099;3.000000;0.300000;0.000000;1.000000;0.000000;0.000000;0;6.266023;415;435}
#object={explosion;57.980389;5.000000;47.937576;3.000000;0.300000;0.000000;1.000000;0.000000;0.000000;0;6.169863;416;436}
#object={explosion;36.970699;5.000000;71.936386;3.000000;0.300000;0.000000;1.000000;0.000000;0.000000;0;5.204035;417;437}
#object={explosion;55.702999;5.000000;58.009892;3.000000;0.300000;0.000000;1.000000;0.000000;0.000000;0;4.622461;418;438}
#object={explosion;39.790947;5.000000;50.400139;3.000000;0.300000;0.000000;1.000000;0.000000;0.000000;0;5.180191;419;439}
#object={explosion;52.417934;5.000000;73.282417;3.000000;0.300000;0.000000;1.000000;0.000000;0.000000;0;6.153131;420;440}
#object={explosion;43.440704;5.000000;53.966000;3.000000;0.300000;0.000000;1.000000;0.000000;0.000000;0;6.278126;421;441}
#object={explosion;48.504478;5.000000;53.815315;3.000000;0.300000;0.000000;1.000000;0.000000;0.000000;0;5.392896;422;442}
#object={explosion;47.498573;5.000000;73.309914;3.000000;0.300000;0.000000;1.000000;0.000000;0.000000;0;4.646724;423;443}
#object={explosion;44.414478;5.000000;50.520798;3.000000;0.300000;0.000000;1.000000;0.000000;0.000000;0;5.008384;424;444}
#object={explosion;51.496037;5.000000;57.842743;3.000000;0.300000;0.000000;1.000000;0.000000;0.000000;0;6.008318;425;445}
#object={explosion;40.620163;5.000000;72.015945;3.000000;0.300000;0.000000;1.000000;0.000000;0.000000;0;6.348324;426;446}
#object={explosion;54.971558;5.000000;48.016029;3.000000;0.300000;0.000000;1.000000;0.000000;0.000000;0;5.586997;427;447}
#object={explosion;37.559616;5.000000;62.085335;3.000000;0.300000;0.000000;1.000000;0.000000;0.000000;0;4.712744;428;448}
#object={explosion;57.523849;5.000000;69.529533;3.000000;0.300000;0.000000;1.000000;0.000000;0.000000;0;4.860586;429;449}
#object={explosion;35.586201;5.000000;46.700897;3.000000;0.300000;0.000000;1.000000;0.000000;0.000000;0;5.838603;430;450}
#object={explosion;58.858234;5.000000;66.121140;3.000000;0.300000;0.000000;1.000000;0.000000;0.000000;0;6.377043;431;451}
#object={explosion;34.927994;5.000000;66.097473;3.000000;0.300000;0.000000;1.000000;0.000000;0.000000;0;5.776839;432;452}
#object={explosion;58.820862;5.000000;46.705078;3.000000;0.300000;0.000000;1.000000;0.000000;0.000000;0;4.817245;433;453}
#object={explosion;35.659798;5.000000;69.548279;3.000000;0.300000;0.000000;1.000000;0.000000;0.000000;0;4.744095;434;454}
#object={explosion;57.414864;5.000000;62.059101;3.000000;0.300000;0.000000;1.000000;0.000000;0.000000;0;5.652364;435;455}
#object={explosion;37.697128;5.000000;48.028164;3.000000;0.300000;0.000000;1.000000;0.000000;0.000000;0;6.362848;436;456}
#object={explosion;54.802578;5.000000;72.027908;3.000000;0.300000;0.000000;1.000000;0.000000;0.000000;0;5.953120;437;457}
#object={explosion;40.804749;5.000000;57.816544;3.000000;0.300000;0.000000;1.000000;0.000000;0.000000;0;4.955144;438;458}
#object={explosion;51.285606;5.000000;50.539684;3.000000;0.300000;0.000000;1.000000;0.000000;0.000000;0;4.664581;439;459}
#object={explosion;44.623859;5.000000;73.313911;3.000000;0.300000;0.000000;1.000000;0.000000;0.000000;0;5.458644;440;460}
#object={explosion;47.270023;5.000000;53.791744;3.000000;0.300000;0.000000;1.000000;0.000000;0.000000;0;6.306425;441;461}
#object={explosion;48.713516;5.000000;53.989754;3.000000;0.300000;0.000000;1.000000;0.000000;0.000000;0;6.107272;442;462}
#object={explosion;43.219460;5.000000;73.278046;3.000000;0.300000;0.000000;1.000000;0.000000;0.000000;0;5.119721;443;463}
#object={explosion;52.601524;5.000000;50.381538;3.000000;0.300000;0.000000;1.000000;0.000000;0.000000;0;4.625901;444;464}
#object={explosion;39.601585;5.000000;58.036160;3.000000;0.300000;0.000000;1.000000;0.000000;0.000000;0;5.266950;445;465}
#object={explosion;55.838985;5.000000;71.924088;3.000000;0.300000;0.000000;1.000000;0.000000;0.000000;0;6.210586;446;466}
#object={explosion;36.834122;5.000000;47.925800;3.000000;0.300000;0.000000;1.000000;0.000000;0.000000;0;6.231691;447;467}
#object={explosion;58.052105;5.000000;62.277283;3.000000;0.300000;0.000000;1.000000;0.000000;0.000000;0;5.302887;448;468}
#object={explosion;35.237503;5.000000;69.387810;3.000000;0.300000;0.000000;1.000000;0.000000;0.000000;0;4.630019;449;469}
#object={explosion;58.986267;5.000000;46.669186;3.000000;0.300000;0.000000;1.000000;0.000000;0.000000;0;5.086648;450;470}
#object={explosion;34.994282;5.000000;66.293091;3.000000;0.300000;0.000000;1.000000;0.000000;0.000000;0;6.079957;451;471}
#object={explosion;58.531826;5.000000;65.919281;3.000000;0.300000;0.000000;1.000000;0.000000;0.000000;0;6.320348;452;472}
#object={explosion;36.132542;5.000000;46.735245;3.000000;0.300000;0.000000;1.000000;0.000000;0.000000;0;5.495705;453;473}
#object={explosion;56.741249;5.000000;69.683838;3.000000;0.300000;0.000000;1.000000;0.000000;0.000000;0;4.676697;454;474}
#object={explosion;38.520859;5.000000;61.862793;3.000000;0.300000;0.000000;1.000000;0.000000;0.000000;0;4.926620;455;475}
#object={explosion;53.821274;5.000000;48.117424;3.000000;0.300000;0.000000;1.000000;0.000000;0.000000;0;5.921023;456;476}
#object={explosion;41.883484;5.000000;72.112999;3.000000;0.300000;0.000000;1.000000;0.000000;0.000000;0;6.368883;457;477}
#object={explosion;50.109039;5.000000;57.622154;3.000000;0.300000;0.000000;1.000000;0.000000;0.000000;0;5.688730;458;478}
#object={explosion;45.832172;5.000000;50.679737;3.000000;0.300000;0.000000;1.000000;0.000000;0.000000;0;4.763614;459;479}
#object={explosion;46.033157;5.000000;73.341072;3.000000;0.300000;0.000000;1.000000;0.000000;0.000000;0;4.794610;460;480}
#object={explosion;49.911011;5.000000;53.617310;3.000000;0.300000;0.000000;1.000000;0.000000;0.000000;0;5.741454;461;481}
#object={explosion;42.064220;5.000000;54.166901;3.000000;0.300000;0.000000;1.000000;0.000000;0.000000;0;6.374879;462;482}
#object={explosion;53.649067;5.000000;73.244781;3.000000;0.300000;0.000000;1.000000;0.000000;0.000000;0;5.872533;463;483}
#object={explosion;38.660480;5.000000;50.245758;3.000000;0.300000;0.000000;1.000000;0.000000;0.000000;0;4.886588;464;484}
#object={explosion;56.614746;5.000000;58.231426;3.000000;0.300000;0.000000;1.000000;0.000000;0.000000;0;4.697080;465;485}
#object={explosion;36.216469;5.000000;71.833511;3.000000;0.300000;0.000000;1.000000;0.000000;0.000000;0;5.550066;466;486}
#object={explosion;58.467175;5.000000;47.841919;3.000000;0.300000;0.000000;1.000000;0.000000;0.000000;0;6.338114;467;487}
#object={explosion;35.012081;5.000000;62.471359;3.000000;0.300000;0.000000;1.000000;0.000000;0.000000;0;6.038099;468;488}
#object={explosion;58.990192;5.000000;69.245293;3.000000;0.300000;0.000000;1.000000;0.000000;0.000000;0;5.039546;469;489}
#object={explosion;35.186378;5.000000;46.642464;3.000000;0.300000;0.000000;1.000000;0.000000;0.000000;0;4.638863;470;490}
#object={explosion;58.123409;5.000000;66.465866;3.000000;0.300000;0.000000;1.000000;0.000000;0.000000;0;5.356231;471;491}
#object={explosion;36.719231;5.000000;65.741989;3.000000;0.300000;0.000000;1.000000;0.000000;0.000000;0;6.260316;472;492}
#object={explosion;55.966900;5.000000;46.770393;3.000000;0.300000;0.000000;1.000000;0.000000;0.000000;0;6.177304;473;493}
#object={explosion;39.433659;5.000000;69.818634;3.000000;0.300000;0.000000;1.000000;0.000000;0.000000;0;5.214990;474;494}
#object={explosion;52.769657;5.000000;61.668766;3.000000;0.300000;0.000000;1.000000;0.000000;0.000000;0;4.622728;475;495}
#object={explosion;43.016258;5.000000;48.213108;3.000000;0.300000;0.000000;1.000000;0.000000;0.000000;0;5.169427;476;496}
#object={explosion;48.900829;5.000000;72.199356;3.000000;0.300000;0.000000;1.000000;0.000000;0.000000;0;6.145333;477;497}
#object={explosion;47.053391;5.000000;57.429779;3.000000;0.300000;0.000000;1.000000;0.000000;0.000000;0;6.283444;478;498}
#object={explosion;44.807106;5.000000;50.823280;3.000000;0.300000;0.000000;1.000000;0.000000;0.000000;0;5.404431;479;499}
#object={explosion;51.078930;5.000000;73.366898;3.000000;0.300000;0.000000;1.000000;0.000000;0.000000;0;4.649516;480;500}
#object={explosion;40.963799;5.000000;53.445740;3.000000;0.300000;0.000000;1.000000;0.000000;0.000000;0;4.998809;481;501}
#object={explosion;54.630745;5.000000;54.343864;3.000000;0.300000;0.000000;1.000000;0.000000;0.000000;0;5.998807;482;502}
#object={explosion;37.811733;5.000000;73.208176;3.000000;0.300000;0.000000;1.000000;0.000000;0.000000;0;6.351227;483;503}
#object={explosion;57.295837;5.000000;50.111927;3.000000;0.300000;0.000000;1.000000;0.000000;0.000000;0;5.598546;484;504}
#object={explosion;35.714848;5.000000;58.428318;3.000000;0.300000;0.000000;1.000000;0.000000;0.000000;0;4.717946;485;505}
#object={explosion;58.766499;5.000000;71.739250;3.000000;0.300000;0.000000;1.000000;0.000000;0.000000;0;4.852689;486;506}
#object={explosion;34.915245;5.000000;47.759541;3.000000;0.300000;0.000000;1.000000;0.000000;0.000000;0;5.827861;487;507}
#object={explosion;58.872925;5.000000;62.666153;3.000000;0.300000;0.000000;1.000000;0.000000;0.000000;0;6.377403;488;508}
#object={explosion;35.505241;5.000000;69.104866;3.000000;0.300000;0.000000;1.000000;0.000000;0.000000;0;5.787835;489;509}
#object={explosion;57.602833;5.000000;46.621655;3.000000;0.300000;0.000000;1.000000;0.000000;0.000000;0;4.824601;490;510}
#object={explosion;37.416721;5.000000;66.639519;3.000000;0.300000;0.000000;1.000000;0.000000;0.000000;0;4.738262;491;511}
#object={explosion;55.102859;5.000000;65.564270;3.000000;0.300000;0.000000;1.000000;0.000000;0.000000;0;5.640889;492;512}
#object={explosion;40.428986;5.000000;46.810066;3.000000;0.300000;0.000000;1.000000;0.000000;0.000000;0;6.360622;493;513}
#object={explosion;51.661652;5.000000;69.953873;3.000000;0.300000;0.000000;1.000000;0.000000;0.000000;0;5.963000;494;514}
#object={explosion;44.194244;5.000000;61.474159;3.000000;0.300000;0.000000;1.000000;0.000000;0.000000;0;4.964270;495;515}
#object={explosion;47.679428;5.000000;48.308651;3.000000;0.300000;0.000000;1.000000;0.000000;0.000000;0;4.661072;496;516}
#object={explosion;48.280663;5.000000;72.280556;3.000000;0.300000;0.000000;1.000000;0.000000;0.000000;0;5.447023;497;517}
#object={explosion;43.613380;5.000000;57.237698;3.000000;0.300000;0.000000;1.000000;0.000000;0.000000;0;6.301747;498;518}
#object={explosion;52.213837;5.000000;50.967110;3.000000;0.300000;0.000000;1.000000;0.000000;0.000000;0;6.115578;499;519}
